timestamp,isSummer,isWeekend,isHoliday,universe_id,session_session_length,daily_rpv,sort_sort_position,visits_visits_gained,ratings_like_ratio,ccu_playing,daily_Estimated Revenue,platform_platform_share,daily_Estimated Revenue_lag_1d,ccu_playing_lag_1d,visits_visits_gained_lag_1d,ratings_like_ratio_lag_1d,platform_platform_share_lag_1d,session_session_length_lag_1d,daily_Estimated Revenue_lag_7d,ccu_playing_lag_7d,visits_visits_gained_lag_7d,ratings_like_ratio_lag_7d,platform_platform_share_lag_7d,session_session_length_lag_7d,daily_Estimated Revenue_ma_7d,ccu_playing_ma_7d,visits_visits_gained_ma_7d,ratings_like_ratio_ma_7d,platform_platform_share_ma_7d,session_session_length_ma_7d,daily_Estimated Revenue_ma_30d,ccu_playing_ma_30d,visits_visits_gained_ma_30d,ratings_like_ratio_ma_30d,platform_platform_share_ma_30d,session_session_length_ma_30d,daily_Estimated Revenue_wow_growth,daily_Estimated Revenue_dod_growth,ccu_playing_wow_growth,ccu_playing_dod_growth,visits_visits_gained_wow_growth,visits_visits_gained_dod_growth,platform_platform_share_wow_growth,platform_platform_share_dod_growth,ratings_like_ratio_wow_growth,ratings_like_ratio_dod_growth,revenue_cv_14d,revenue_cv_30d,revenue_per_ccu,revenue_per_visit,ccu_to_visits_ratio,session_to_revenue_ratio,like_ratio_trend_7d,like_ratio_trend_30d,like_ratio_momentum,revenue_momentum,market_share_momentum,daily_Estimated Revenue_volatility_14d,daily_Estimated Revenue_volatility_30d,ccu_playing_volatility_14d,ccu_playing_volatility_30d,visits_visits_gained_volatility_14d,visits_visits_gained_volatility_30d,days_since_peak_revenue,revenue_vs_peak
2025-07-10 00:00:00+00:00,1,0,0,7926427431,17.804189491271973,0.2417612960645994,450,122749,95.75896453857422,5267,218718,0.0414985194802284,0.0,0.0,0.0,0.0,0.0,0.0,0.0,0.0,0.0,0.0,0.0,0.0,218718.0,5267.0,122749.0,95.75896453857422,0.0414985194802284,17.804189491271973,218718.0,5267.0,122749.0,95.75896453857422,0.0414985194802284,17.804189491271973,0.0,0.0,0.0,0.0,0.0,0.0,0.0,0.0,0.0,0.0,0.0,0.0,41.518223234624145,1.781816700610998,0.042908350305498985,8.140211637430664e-05,0.0,0.0,1.0,1.0,1.0,0.0,0.0,0.0,0.0,0.0,0.0,1,1.0
2025-07-11 00:00:00+00:00,1,0,0,7926427431,16.891278982162476,0.4067886113761628,403,831569,96.5413055419922,7704,550638,0.0554585419595241,218718.0,5267.0,122749.0,95.75896453857422,0.0414985194802284,17.804189491271973,0.0,0.0,0.0,0.0,0.0,0.0,384678.0,6485.5,477159.0,96.1501350402832,0.04847853071987625,17.347734236717223,384678.0,6485.5,477159.0,96.1501350402832,0.04847853071987625,17.347734236717223,0.0,151.75705703234303,0.0,46.26922346686919,0.0,577.4548061491336,0.0,33.63980848990727,0.0,0.8169898319053237,0.6101281664442438,0.6101281664442438,71.46502271252433,0.6621667448320646,0.009264403477758937,3.0675776656144e-05,0.0,0.0,1.0,1.0,1.0,234702.88281143885,234702.88281143885,1723.2192257516162,1723.2192257516162,501211.4286406486,501211.4286406486,2,1.0
2025-07-12 00:00:00+00:00,1,1,0,7926427431,16.472990194956463,0.1427036505497871,287,956294,96.8571548461914,6852,325033,0.0489267371594905,550638.0,7704.0,831569.0,96.5413055419922,0.0554585419595241,16.891278982162476,0.0,0.0,0.0,0.0,0.0,0.0,364796.3333333333,6607.666666666667,636870.6666666666,96.38580830891927,0.048627932866414335,17.056152889463636,364796.3333333333,6607.666666666667,636870.6666666666,96.38580830891927,0.048627932866414335,17.056152889463636,0.0,-40.97156389497274,0.0,-11.059190031152644,0.0,14.998755364858486,0.0,-11.777815588445828,0.0,0.32716493984206174,0.4646291912299348,0.4646291912299348,47.42930103604261,0.3398877961298553,0.007165153012407259,5.068082168313611e-05,0.549095153808592,0.0,1.0,1.0,1.0,169495.02532031236,169495.02532031236,1236.7361615693678,1236.7361615693678,449588.58694180986,449588.58694180986,2,0.5902843610502726
2025-07-13 00:00:00+00:00,1,1,0,7926427431,18.251224637031555,0.1796369531486034,182,994595,96.94464111328124,7548,589721,0.0605944022536277,325033.0,6852.0,956294.0,96.8571548461914,0.0489267371594905,16.472990194956463,0.0,0.0,0.0,0.0,0.0,0.0,421027.5,6842.75,726301.75,96.52551651000977,0.05161955021321768,17.354920826355617,421027.5,6842.75,726301.75,96.52551651000977,0.05161955021321768,17.354920826355617,0.0,81.43419283580438,0.0,10.157618213660236,0.0,4.005149044122414,0.0,23.847216821557417,0.0,0.09032504333701397,0.42354946322905807,0.42354946322905807,78.11908862100941,0.5929251676057414,0.007589011015527913,3.09488617298177e-05,0.3872879028320255,0.0,1.0,1.0,1.0,178325.97162967225,178325.97162967225,1113.8825117578604,1113.8825117578604,408344.1436708136,408344.1436708136,3,1.0
2025-07-14 00:00:00+00:00,1,0,0,7926427431,16.375293533007305,0.1875659322443733,134,1148766,96.92337799072266,9681,809531,0.0767262950539588,589721.0,7548.0,994595.0,96.94464111328124,0.0605944022536277,18.251224637031555,0.0,0.0,0.0,0.0,0.0,0.0,498728.2,7410.4,810794.6,96.60508880615234,0.0566408991813659,17.158995367685954,498728.2,7410.4,810794.6,96.60508880615234,0.0566408991813659,17.158995367685954,0.0,37.273558174119636,0.0,28.259141494435603,0.0,15.500882268662108,0.0,26.62274434659564,0.0,-0.02193326244174232,0.46610324182223295,0.46610324182223295,83.61196033877297,0.7046955561919868,0.008427296396919479,2.0228099115300328e-05,0.27321624755858653,0.27321624755858653,1.0,1.0,1.0,232458.83080816697,232458.83080816697,1594.2657557634486,1594.2657557634486,400941.2840532888,400941.2840532888,4,1.0
2025-07-15 00:00:00+00:00,1,0,0,7926427431,15.58297844727834,0.1971171224292722,105,1185919,96.96121978759766,9135,1094322,0.0725551694631576,809531.0,9681.0,1148766.0,96.92337799072266,0.0767262950539588,16.375293533007305,0.0,0.0,0.0,0.0,0.0,0.0,597993.8333333334,7697.833333333333,873315.3333333334,96.66444396972656,0.05929327756166452,16.896325880951352,597993.8333333334,7697.833333333333,873315.3333333334,96.66444396972656,0.05929327756166452,16.896325880951352,0.0,35.17975222690668,0.0,-5.639913232104121,0.0,3.2341660529646488,0.0,-5.436370396704016,0.0,0.03904300248245285,0.5349963104462578,0.5349963104462578,119.78130472854642,0.9227620750134916,0.00770288046411225,1.423983453448236e-05,0.20699942452567544,0.20699942452567544,1.0,1.0,1.0,319924.4945029478,319924.4945029478,1590.3000241044665,1590.3000241044665,389943.82055094384,389943.82055094384,5,1.0
2025-07-16 00:00:00+00:00,1,0,0,7926427431,13.303841272989908,0.1464451146199937,87,1012278,96.92838287353516,6724,968781,0.053361814469099,1094322.0,9135.0,1185919.0,96.96121978759766,0.0725551694631576,15.58297844727834,0.0,0.0,0.0,0.0,0.0,0.0,650963.4285714285,7558.714285714285,893167.1428571428,96.70214952741351,0.058445925691298015,16.383113794099717,650963.4285714285,7558.714285714285,893167.1428571428,96.70214952741351,0.058445925691298015,16.383113794099717,0.0,-11.47203473931805,0.0,-26.392993979200874,0.0,-14.64189375496977,0.0,-26.453463117889463,0.0,-0.03386602822699203,0.4976230849457039,0.4976230849457039,144.05665427509294,0.9570296331347385,0.006642437509816958,1.3732543826154809e-05,0.15765380859375488,0.15765380859375488,1.0,1.0,1.0,323934.42951254663,323934.42951254663,1497.672829680069,1497.672829680069,359822.38170771085,359822.38170771085,5,0.8852796526068195
2025-07-17 00:00:00+00:00,1,0,0,7926427431,14.18407380580902,0.1678584101201328,73,988704,96.85941314697266,6289,1279294,0.0485260710120201,968781.0,6724.0,1012278.0,96.92838287353516,0.053361814469099,13.303841272989908,218718.0,5267.0,122749.0,95.75896453857422,0.0414985194802284,17.804189491271973,802474.2857142857,7704.714285714285,1016875.0,96.85935647147042,0.05944986162441111,15.865954410462153,729504.75,7400.0,905109.25,96.7218074798584,0.057205943856388275,16.10823379556338,484.9056776305562,32.05192917697601,19.403835200303774,-6.469363474122547,705.4680689863053,-2.3288069087740726,16.934463252694854,-9.062179585139873,1.1491859939182447,-0.07115534636793486,0.5116069156997776,0.5116069156997776,203.38537360890302,1.2939086987524084,0.006360845752777624,1.108741440075121e-05,0.03976276942661691,0.11820784069242843,1.0014221094001026,1.1000261282935933,1.0392252555723238,373219.67513583734,373219.67513583734,1457.4339485155801,1457.4339485155801,334838.8221977639,334838.8221977639,6,1.0
2025-07-18 00:00:00+00:00,1,0,0,7926427431,14.724804957707724,0.1559624250962158,69,1135761,96.74588775634766,7725,1352157,0.0542805083096027,1279294.0,6289.0,988704.0,96.85941314697266,0.0485260710120201,14.18407380580902,550638.0,7704.0,831569.0,96.5413055419922,0.0554585419595241,16.891278982162476,916977.0,7707.714285714285,1060331.0,96.88858250209263,0.059281571102993764,15.556458121254332,798688.3333333334,7436.111111111111,930737.2222222222,96.72448306613498,0.05688089546230099,15.954519480246084,145.56187549715057,5.695563334151488,0.2725856697819218,22.833518842423285,36.58048820963744,14.873713467326933,-2.124169890332084,11.858444703172456,0.211911588730751,-0.117206358098354,0.5085224983850786,0.5085224983850786,175.01384933989127,1.1905284733949542,0.006801601039654434,1.088985529628026e-05,-0.0178304399762776,0.0843508402506475,1.0016965656548968,1.1481036616285452,1.0422053067410635,406150.98669768113,406150.98669768113,1367.6021391878237,1367.6021391878237,322511.3081528219,322511.3081528219,7,1.0
2025-07-19 00:00:00+00:00,1,1,0,7926427431,16.156160791714985,0.1681042652874138,60,1173170,96.65817260742188,5810,1665979,0.0400621332228183,1352157.0,7725.0,1135761.0,96.74588775634766,0.0542805083096027,14.724804957707724,325033.0,6852.0,956294.0,96.8571548461914,0.0489267371594905,16.472990194956463,1108540.7142857143,7558.857142857143,1091313.2857142857,96.8601564679827,0.0580151991120406,15.511196777934119,885417.4,7273.5,954980.5,96.71785202026368,0.05519901923835272,15.974683611392976,412.55687883999474,23.208991263588462,-15.20723876240514,-24.78964401294499,22.678799616017663,3.2937387355262304,-18.11811792757716,-26.19425559850376,-0.20543886415568258,-0.09066550626595227,0.5319623295489203,0.5319623295489203,286.6940285665118,1.4200649351202852,0.0049523897198277145,9.697691924101721e-06,-0.047006879534039155,0.05772913152521481,1.0014713358986633,1.2519978874209094,1.051018657804905,471008.7027271482,471008.7027271482,1388.1441847941364,1388.1441847941364,313582.2836652642,313582.2836652642,8,1.0
2025-07-20 00:00:00+00:00,1,1,0,7926427431,12.716241161028544,0.1437827885804899,64,1025466,96.58126831054688,5868,1572251,0.0449142530560493,1665979.0,5810.0,1173170.0,96.65817260742188,0.0400621332228183,16.156160791714985,589721.0,7548.0,994595.0,96.94464111328124,0.0605944022536277,18.251224637031555,1248902.142857143,7318.857142857143,1095723.4285714286,96.80824606759208,0.055775177798100824,14.720484852790833,947856.8181818182,7145.727272727273,961388.2727272727,96.70543531938033,0.054264040494506956,15.678461570450754,166.60929490386133,-5.626001288131488,-22.257551669316378,0.9982788296041267,3.1038764522242746,-12.590161698645552,-25.87722399165948,12.111486440935115,-0.3748250533103237,-0.07956316036239475,0.5195863029306133,0.5195863029306133,267.89078207531094,1.533204871536578,0.005722270926319423,8.08791539844029e-06,-0.06481851850236865,0.03708849820223844,1.0010631330893884,1.3176063292479034,1.0278478581731643,492493.4198666654,492493.4198666654,1383.4140443778278,1383.4140443778278,298248.4179847702,298248.4179847702,8,0.9437399871186851
2025-07-21 00:00:00+00:00,1,0,0,7926427431,15.10345192750295,0.1223970751167032,66,846121,96.55115509033205,6806,1461674,0.0498066991567611,1572251.0,5868.0,1025466.0,96.58126831054688,0.0449142530560493,12.716241161028544,809531.0,9681.0,1148766.0,96.92337799072266,0.0767262950539588,16.375293533007305,1342065.4285714286,6908.142857142857,1052488.4285714286,96.75507136753627,0.0519295212413583,14.538793194861638,990674.9166666666,7117.416666666667,951782.6666666666,96.6925786336263,0.05389259538302813,15.630544100205105,80.55812563076645,-7.033037345818194,-29.69734531556657,15.9850034083163,-26.34522609478345,-17.489122018672486,-35.08522844517141,10.892858653591396,-0.3840383074826814,-0.031179151756433043,0.4970786614986762,0.4970786614986762,214.7310121933304,1.7274979258310268,0.00804375728322866,1.0332975475056324e-05,-0.07591656276158046,0.022595759038327487,1.0006463033129642,1.3546981012571602,0.9635743254204446,492443.36155697925,492443.36155697925,1322.6743197252324,1322.6743197252324,286308.8796852205,286308.8796852205,8,0.8773664013772082
2025-07-22 00:00:00+00:00,1,0,0,7926427431,16.89795418580373,0.1084182627081081,70,868711,96.49480438232422,6451,1387877,0.0515456013381481,1461674.0,6806.0,846121.0,96.55115509033205,0.0498066991567611,15.10345192750295,1094322.0,9135.0,1185919.0,96.96121978759766,0.0725551694631576,15.58297844727834,1384001.857142857,6524.714285714285,1007173.0,96.68844059535435,0.048928154366356946,14.726646871793836,1021228.9230769231,7066.153846153846,945392.5384615385,96.67736522967999,0.05371205737957582,15.72803718371269,26.825285427872238,-5.048800211264615,-29.38149972632731,-5.215985894798703,-26.74786389289656,2.6698309107089813,-28.95667983475365,3.491301794391144,-0.4810329390401269,-0.05836357727165842,0.4741129598794367,0.4741129598794367,215.1080285182889,1.5976261407693229,0.007425936328725746,1.2175388748725559e-05,-0.07435253688266884,0.011233780410267243,1.0001145600694439,1.35523174664199,0.9109342809304123,484177.8674344896,484177.8674344896,1279.7815468634903,1279.7815468634903,275086.43848422606,275086.43848422606,8,0.833069924650911
2025-07-23 00:00:00+00:00,1,0,0,7926427431,15.084390997886658,0.0924286584517805,74,772075,96.479248046875,5699,1259464,0.0477345176041126,1387877.0,6451.0,868711.0,96.49480438232422,0.0515456013381481,16.89795418580373,968781.0,6724.0,1012278.0,96.92838287353516,0.053361814469099,13.303841272989908,1425528.0,6378.285714285715,972858.2857142857,96.62427847726005,0.048124254814216026,14.981011118207658,1038245.7142857143,6968.5,933012.7142857143,96.66321400233677,0.053285090252757024,15.682062456153687,30.005026935912248,-9.252476984631919,-15.243902439024392,-11.657107425205393,-23.728955879708934,-11.12406772793253,-10.545550073536358,-7.393615818029042,-0.4633677085546295,-0.016121422856696377,0.45222459694414724,0.45222459694414724,220.95859649122806,1.6312694605194307,0.007381397686238142,1.1976824284824635e-05,-0.06248855590820242,0.0033265333909213526,0.999597204319362,1.373016021530824,0.903146726146833,469520.2496718454,469520.2496718454,1282.7162135933984,1282.7162135933984,268322.98449971667,268322.98449971667,8,0.7559903216066949
2025-07-24 00:00:00+00:00,1,0,0,7926427431,16.115317900975544,0.0856802978365114,76,867253,96.44527435302734,6857,1240202,0.0544013641774654,1259464.0,5699.0,772075.0,96.479248046875,0.0477345176041126,15.084390997886658,1279294.0,6289.0,988704.0,96.85941314697266,0.0485260710120201,14.18407380580902,1419943.4285714286,6459.428571428572,955508.1428571428,96.56511579241071,0.048963582409279637,15.256903131802877,1051709.4666666666,6961.066666666667,928628.7333333333,96.64868469238282,0.05335950851440425,15.710946152475145,-3.0557479359709316,-1.5293807524470737,9.031642550484964,20.319354272679412,-12.283858465223163,12.327558851147892,12.107498181729914,13.966510835292102,-0.4275669039176422,-0.03521347288191201,0.3668654322310905,0.43304357838716023,180.84018664333624,1.4300331852029509,0.00790656485873804,1.2994096854285584e-05,-0.04807690211704724,-0.002745682852610342,0.9991353332925523,1.3501289791294346,0.9176168179296864,407664.11767473037,455436.0308689851,1187.3189879391634,1236.3914929380273,137048.30524516324,259119.38269411834,8,0.7444283511376794
2025-07-25 00:00:00+00:00,1,0,0,7926427431,16.654026826222736,0.0789084064129348,75,668418,96.41996002197266,4431,1203286,0.0321257971227169,1240202.0,6857.0,867253.0,96.44527435302734,0.0544013641774654,16.115317900975544,1352157.0,7725.0,1135761.0,96.74588775634766,0.0542805083096027,14.724804957707724,1398676.142857143,5988.857142857143,888744.8571428572,96.5185546875,0.04579862366829596,15.53250625587645,1061183.0,6802.9375,912365.5625,96.63438940048218,0.052032401552423786,15.769888694584369,-11.009890123706045,-2.976611874517221,-42.640776699029125,-35.379903747994746,-41.14800561033527,-22.926989010127375,-40.815224243149615,-40.94670674448947,-0.3368905303715253,-0.02624735242291454,0.3235422745204295,0.4161598867490691,271.4995487364621,1.8001971817078808,0.006629075475113664,1.384044440455414e-05,-0.037804739815845506,-0.007306547725899612,0.9988013096196828,1.3180348185535793,0.8801943078132352,374605.8424201905,441621.7971000374,1364.4566925828267,1351.6028740597835,156730.95350728332,258647.47398237337,8,0.7222696084404425
2025-07-26 00:00:00+00:00,1,1,0,7926427431,18.489880005518597,0.0855455711173032,73,615236,96.40737915039062,4155,1359074,0.0287876911461353,1203286.0,4431.0,668418.0,96.41996002197266,0.0321257971227169,16.654026826222736,1665979.0,5810.0,1173170.0,96.65817260742188,0.0400621332228183,16.156160791714985,1354832.5714285714,5752.428571428572,809040.0,96.48272705078125,0.04418798908591267,15.865894714991251,1078706.0,6647.176470588235,894887.3529411765,96.62103585635914,0.05066506564617152,15.929888183462852,-18.421900876301567,12.946880459009735,-28.485370051635115,-6.228842247799593,-47.55781344562169,-7.956398541032705,-28.142390755820724,-10.390733539872688,-0.2594643062929114,-0.013047995020076808,0.23561795682233716,0.4020180703237698,327.01491819056787,2.209025139905435,0.006753494994611833,1.3604753236957928e-05,-0.02977098737444674,-0.010539971145928145,0.9985685435438354,1.2559794526298838,0.8721589229649348,290207.4902353637,433659.3045666724,1542.6466571419421,1457.7718972499658,183930.6133379178,260596.72162100897,8,0.8157809912369843
2025-07-27 00:00:00+00:00,1,1,0,7926427431,19.357574303944904,0.0787578102627072,73,586629,96.3908920288086,4544,1299716,0.0339964218437671,1359074.0,4155.0,615236.0,96.40737915039062,0.0287876911461353,18.489880005518597,1572251.0,5868.0,1025466.0,96.58126831054688,0.0449142530560493,12.716241161028544,1315899.0,5563.285714285715,746349.0,96.45553043910435,0.042628298912729505,16.81465659255073,1090984.3333333333,6530.333333333333,877761.8888888889,96.6082500881619,0.049739029879371274,16.1203151901563,-17.33406434468797,-4.367532599402235,-22.563053851397406,9.362214199759332,-42.79391028078942,-4.649760417140736,-24.30816604844267,18.093603516831735,-0.19711511876832066,-0.017101514144790553,0.17454898703920052,0.3885703000840555,285.96611661166116,2.215563472717045,0.00774593866662121,1.4893684012708078e-05,-0.0255331311907065,-0.012913376185181034,0.9984191862608196,1.206157558632831,0.857039210779001,223841.72072134903,423924.1097903366,1616.1451031715856,1498.6109647034523,207197.73366936177,263049.37647988735,8,0.7801514905049823
2025-07-28 00:00:00+00:00,1,0,0,7926427431,15.434779723485311,0.0786182018845454,72,566857,96.3926773071289,4463,1342444,0.0336151346564292,1299716.0,4544.0,586629.0,96.3908920288086,0.0339964218437671,19.357574303944904,1461674.0,6806.0,846121.0,96.55115509033205,0.0498066991567611,15.10345192750295,1298866.142857143,5228.571428571428,706454.1428571428,96.43289075578961,0.04031521826982494,16.861989134833927,1104219.0526315789,6421.526315789473,861398.4736842106,96.59690415231805,0.0488904038150059,16.084234376120985,-8.157085642899853,3.2874874203287385,-34.42550690567147,-1.7825704225352124,-33.005208474910795,-3.3704436705311203,-32.50880860297675,-1.121550935831206,-0.16413867141710226,0.0018521234555812782,0.13466808479585832,0.3767364821356417,300.72670250896056,2.3682192012814496,0.007873223982020188,1.149751365864919e-05,-0.01860673086983561,-0.014380150510552768,0.9983020843373013,1.1762757939755526,0.8246039125054437,177824.5984006011,415999.601395572,1398.511054775639,1531.6679132537927,216172.43213566925,265402.1006027915,8,0.8057988726148408
2025-07-29 00:00:00+00:00,1,0,0,7926427431,15.092116912206016,0.0748870835446277,71,573468,96.3717041015625,4034,1320757,0.0305525995790958,1342444.0,4463.0,566857.0,96.3926773071289,0.0336151346564292,15.434779723485311,1387877.0,6451.0,868711.0,96.49480438232422,0.0515456013381481,16.89795418580373,1289277.5714285714,4883.285714285715,664276.5714285715,96.41530500139508,0.03731621801853176,16.604012381462827,1115045.95,6302.15,847001.95,96.58564414978028,0.0479735136032104,16.034628502925237,-4.836163435232377,-1.6154863815548315,-37.46705937064021,-9.612368362088286,-33.98633147272223,1.1662553342377313,-40.727047922740425,-9.110583993295606,-0.12757192633292558,-0.021758090087675708,0.12385344255302218,0.3657150184258299,327.32515489467164,2.303100952274665,0.007034381980542976,1.1426860115332268e-05,-0.01631764003208093,-0.015542986876983503,0.9982363926866705,1.1562551044901526,0.7778504265327472,165547.4300673737,407789.05014989694,1186.512536806923,1583.5234954134137,211302.1873646943,266225.83506558073,8,0.7927813015650257
2025-07-30 00:00:00+00:00,1,0,0,7926427431,15.409393151601156,0.0714102452286553,70,505177,96.38844299316406,4084,1299716,0.0316132418811321,1320757.0,4034.0,573468.0,96.3717041015625,0.0305525995790958,15.092116912206016,1259464.0,5699.0,772075.0,96.479248046875,0.0477345176041126,15.084390997886658,1295027.857142857,4652.571428571428,626148.2857142857,96.40233285086495,0.03501317862953454,16.650441260564897,1123839.761904762,6196.523809523809,830724.5714285715,96.57625361851284,0.047194453045016196,16.004855390957424,3.1959627270013335,-1.59310153192449,-28.33830496578347,1.2394645513138292,-34.56892141307516,-11.908423835331705,-33.772784417101896,3.471528827818604,-0.09411874112743579,0.017369093716479433,0.0944304982567144,0.3554788566627152,318.16793145654833,2.5727882053454425,0.008084279204557602,1.1855960298742847e-05,-0.010060991559704002,-0.015984542648511967,0.9981991352829351,1.152324291274366,0.7418918192809099,128451.72256261136,399501.27363400284,1221.2140059594994,1617.5487819242921,221906.9155681927,269993.3325285222,8,0.7801514905049823
2025-07-31 00:00:00+00:00,1,0,0,7926427431,17.51342785358429,0.069364799569582,72,602888,96.38079833984376,5455,1299716,0.0409832410514354,1299716.0,4084.0,505177.0,96.38844299316406,0.0316132418811321,15.409393151601156,1240202.0,6857.0,867253.0,96.44527435302734,0.0544013641774654,16.115317900975544,1303529.857142857,4452.285714285715,588381.8571428572,96.39312199183873,0.03309630389724454,16.850171253794716,1131834.1363636365,6162.818181818182,820368.3636363636,96.56736928766423,0.04691212522712616,16.073426866531374,4.798734399718763,0.0,-20.446259297068693,33.57002938295788,-30.48303090332348,19.341933619305717,-24.66504899079014,29.63947577896353,-0.0668524337932519,-0.007931089125323698,0.09368498415401633,0.3460510112677538,238.21774193548387,2.155813093289146,0.009048100064854393,1.3474800940192587e-05,-0.006233760288778289,-0.01621725382877435,0.9981955882498317,1.151696892029468,0.7054957271069688,127574.27580801483,391672.34747600113,1200.7460409866255,1586.4627510931543,220555.7773566238,267926.60443105816,8,0.7801514905049823
2025-08-01 00:00:00+00:00,1,0,0,7926427431,15.223311146100365,0.0660826889137528,72,594001,96.3688507080078,4427,1279294,0.0296085141599178,1299716.0,5455.0,602888.0,96.38079833984376,0.0409832410514354,17.51342785358429,1203286.0,4431.0,668418.0,96.41996002197266,0.0321257971227169,16.654026826222736,1314388.142857143,4451.714285714285,577750.8571428572,96.38582066127232,0.0327366920454161,16.64578329949152,1138245.4347826086,6087.347826086957,810526.304347826,96.55873804507048,0.04615979431116058,16.036465313469154,6.316702762269322,-1.5712663381846514,-0.09027307605506962,-18.84509624197983,-11.133302813508916,-1.4740714693276313,-7.835705844693475,-27.754581140232226,-0.0530069852271331,-0.012396278140214267,0.09543994687974404,0.33727390567572474,288.9101174345077,2.1536863512244064,0.0074528368591351545,1.1899766000883584e-05,-0.005000250680097135,-0.016347907748617316,0.9982092000444595,1.1547493209214368,0.7092035944688119,129467.35565495108,383900.48340669385,1033.139608450596,1591.685887487502,198207.44439867773,265988.0580800975,8,0.7678932327478317
2025-08-02 00:00:00+00:00,1,1,0,7926427431,14.359834551811218,0.0620978901640232,75,571885,96.3625259399414,4392,1240202,0.0293328426778316,1279294.0,4427.0,594001.0,96.3688507080078,0.0296085141599178,15.223311146100365,1359074.0,4155.0,615236.0,96.40737915039062,0.0287876911461353,18.489880005518597,1297406.4285714286,4485.571428571428,571557.8571428572,96.37941305977958,0.03281457083565843,16.055776806104753,1142493.625,6016.708333333333,800582.9166666666,96.55056254069011,0.04545867132643854,15.966605698400073,-8.746543602482282,-3.0557479359709316,5.703971119133566,-0.7906031172351446,-7.046239166758772,-3.7232260551749885,1.8936966112667486,-0.9310547655220991,-0.046524665274061405,-0.006563083423660743,0.07326903699470413,0.32913832182392233,282.3132255861598,2.1686175216739,0.00767985227825126,1.157861620380794e-05,-0.0044163295200828016,-0.01634827987007632,0.9982273590499444,1.1355918319206626,0.7218550361935818,97163.49870489855,376038.4344270296,1040.3615495807956,1594.7011844711294,156254.82554245225,264662.95251999557,8,0.7444283511376794
2025-08-03 00:00:00+00:00,1,1,0,7926427431,14.935425519943236,0.062273537384152,80,597804,96.33663940429688,3837,1279294,0.0295561626553535,1240202.0,4392.0,571885.0,96.3625259399414,0.0293328426778316,14.359834551811218,1299716.0,4544.0,586629.0,96.3908920288086,0.0339964218437671,19.357574303944904,1294489.0,4384.571428571428,573154.2857142857,96.37166268484933,0.032180248094456486,15.424041265533083,1147965.64,5929.52,792471.76,96.54200561523437,0.04482257097959514,15.9253584912618,-1.5712663381846514,3.1520671632524477,-15.558978873239438,-12.636612021857918,1.9049518520223074,4.532204901335057,-13.060960382298802,0.7613308398871199,-0.05628397390025075,-0.026863695603684956,0.05126925687335669,0.3215569226363678,333.32308494007293,2.1399854467593946,0.006418480942782345,1.1674731410615406e-05,-0.007359368460520818,-0.016436614990235354,0.9982355563332302,1.1276374090778536,0.7179473955009431,66916.32645556392,369136.29849068844,1069.0923874796945,1620.8502943414196,124207.28620619961,262245.3941067221,8,0.7678932327478317
2025-08-04 00:00:00+00:00,1,0,0,7926427431,14.410501758257547,0.0502786713950315,86,502737,96.35240936279295,3858,1059855,0.0292398240417242,1279294.0,3837.0,597804.0,96.33663940429688,0.0295561626553535,14.935425519943236,1342444.0,4463.0,566857.0,96.3926773071289,0.0336151346564292,15.434779723485311,1254119.142857143,4298.142857142857,563994.2857142857,96.36591012137276,0.0315552037209272,15.277715841929119,1144576.7692307692,5849.846153846154,781328.1153846154,96.53471345167894,0.044223234558907795,15.867094770761637,-21.05033804017151,-17.153132899865085,-13.55590410038091,0.5473025801407294,-11.311494786163001,-15.902703896260316,-13.01589495155624,-1.0702966326110674,-0.04177489977548188,0.01636963734006347,0.062363568646859095,0.3163534302938604,274.644985747603,2.1081656847105252,0.0076739773003035375,1.3596660072932122e-05,-0.006420135498041059,-0.016230805225860415,0.998251371716241,1.0957055713265904,0.7135435486722239,79606.63656003203,362090.78718081815,965.8199869813978,1639.2423296708193,118339.33722866535,263154.7872624516,8,0.6361754860055259
2025-08-05 00:00:00+00:00,1,0,0,7926427431,15.16520925362905,0.0483157347333739,92,1020893,96.29047393798828,12362,1045880,0.0945631265640258,1059855.0,3858.0,502737.0,96.35240936279295,0.0292398240417242,14.410501758257547,1320757.0,4034.0,573468.0,96.3717041015625,0.0305525995790958,15.092116912206016,1214851.0,5487.857142857143,627912.1428571428,96.35430581229073,0.04069956471877434,15.28815760498955,1140921.3333333333,6091.037037037037,790200.8888888889,96.52566754376447,0.04608767500354179,15.841099010867836,-20.812079739119305,-1.3185765977421493,206.44521566683193,220.4250907205806,78.02091834243585,103.06701118079631,209.5092655510932,223.40525178635664,-0.08428839598874083,-0.06428009970302906,0.07505546146537385,0.31164893763749996,84.5975895818167,1.0244746271405258,0.012108994665459881,1.4499937615875084e-05,-0.013674872262131172,-0.016430199219051134,0.9982247029641516,1.0647982157110454,0.8830899956582018,93974.26274859942,355566.9214612933,2227.8315332761003,2038.2435968534182,145344.3329728551,262130.82321462975,8,0.6277870249264846
2025-08-06 00:00:00+00:00,1,0,0,7926427431,12.521069566408793,0.0406181101780149,96,1162874,96.19482421875,5516,934101,0.0431928299367427,1045880.0,12362.0,1020893.0,96.29047393798828,0.0945631265640258,15.16520925362905,1299716.0,4084.0,505177.0,96.38844299316406,0.0316132418811321,15.409393151601156,1162620.2857142857,5692.428571428572,721868.8571428572,96.32664598737445,0.042353791583861565,14.875539949962072,1133534.892857143,6070.5,803510.6428571428,96.51385171072823,0.045984287679727544,15.722526530708587,-28.13037617448735,-10.687554977626501,35.063663075416265,-55.379388448471126,130.1913982623912,13.907529976207101,36.62891676579905,-54.32381361936234,-0.20087343295689397,-0.09933456065434054,0.10300831864903008,0.3097412669689371,169.3132137030995,0.8032686230248307,0.004743416102332581,1.3404392203858672e-05,-0.025885445731029983,-0.017175178548710632,0.9980603227408757,1.0256590185625705,0.9210492044336591,126579.10151331278,351102.53386706987,2225.1225636078843,2003.0922298989333,199017.95561116675,266698.0426530702,8,0.5606919414950609
2025-08-07 00:00:00+00:00,1,0,0,7926427431,19.985407908757526,0.0395422075036846,92,716103,96.20710754394533,5443,945400,0.0420351512730121,934101.0,5516.0,1162874.0,96.19482421875,0.0431928299367427,12.521069566408793,1299716.0,5455.0,602888.0,96.38079833984376,0.0409832410514354,17.51342785358429,1112003.7142857143,5690.714285714285,738042.4285714285,96.3018330165318,0.04250406447265825,15.228679957843962,1127047.4827586208,6048.862068965517,800496.5862068966,96.50327432566675,0.04584811056225459,15.86952244029648,-27.26103241015729,1.20961223679239,-0.21998166819431342,-1.3234227701232726,18.778778147848364,-38.41955362317844,2.5666838312189855,-2.6802565736629425,-0.18021307033170286,0.01276921632227257,0.1220074808860883,0.3074771306920422,173.6590742101396,1.3201993006602393,0.0076008512729994525,2.1139609444836135e-05,-0.030957085745678146,-0.017573137706138536,0.9979125961212969,0.9866520544138171,0.9270625103502216,147356.58302288802,346541.3261523096,2174.2908923636196,1970.4459017501945,191693.3765734535,262394.7738228354,8,0.5674741398300939
2025-08-08 00:00:00+00:00,1,0,0,7926427431,14.588864803314207,0.042452903030415,88,735901,96.21917724609376,4953,1045880,0.033255610615015,945400.0,5443.0,716103.0,96.20710754394533,0.0420351512730121,19.985407908757526,1279294.0,4427.0,594001.0,96.3688507080078,0.0296085141599178,15.223311146100365,1078658.857142857,5765.857142857143,758313.8571428572,96.28045109340123,0.04302507825195784,15.13804476601737,1124341.9,6012.333333333333,798343.4,96.49380442301432,0.04542836056401327,15.82683385239707,-18.245532301409995,10.62830547916227,11.881635419019654,-9.002388388756199,23.888848671971942,2.7646860856608724,12.317728729645005,-20.886187850200123,-0.15531311291397953,0.012545541027653151,0.1283699215570145,0.30314299382532006,211.11828825191765,1.4212218474742562,0.006730515748020797,1.3948876404977437e-05,-0.03023910522460075,-0.017705395860850712,0.9977889427109974,0.9593690826098868,0.947097313611638,153597.62783612442,340836.3696492486,2166.9256910539066,1946.4847242167598,192680.25418197853,258100.62116047044,8,0.6277870249264846
2025-08-09 00:00:00+00:00,1,1,0,7926427431,18.656711260477703,0.0396532727729587,89,626676,96.22859191894533,3759,1005950,0.0239862818270921,1045880.0,4953.0,735901.0,96.21917724609376,0.033255610615015,14.588864803314207,1240202.0,4392.0,571885.0,96.3625259399414,0.0293328426778316,14.359834551811218,1045194.2857142857,5675.428571428572,766141.1428571428,96.26131766183036,0.04226128384470934,15.751884295826867,1150582.9666666666,5962.066666666667,815140.9666666667,96.5094586690267,0.04484461930890873,15.855251244703929,-18.888213371692675,-3.8178376104333167,-14.41256830601093,-24.10660205935796,9.580772358078992,-14.842349718236559,-18.22721687584743,-27.872977270601584,-0.1389897366114612,0.00978461167620015,0.1313454758370833,0.25732435113694074,267.5398936170213,1.60521289276613,0.005998305347092681,1.854634197935854e-05,-0.02407046726771618,-0.02448430554619956,0.997428842616895,0.9084041012203574,0.9423936359810688,153845.0027570742,296073.0153267163,2182.8595130805265,1985.4771672344145,192463.26111064974,227159.3048936307,8,0.6038191357754209
2025-08-10 00:00:00+00:00,1,1,0,7926427431,16.840879400571186,0.0403446524779086,87,524678,96.24358367919922,3175,1045880,0.0243128221482038,1005950.0,3759.0,626676.0,96.22859191894533,0.0239862818270921,18.656711260477703,1279294.0,3837.0,597804.0,96.33663940429688,0.0295561626553535,14.935425519943236,1011849.4285714285,5580.857142857143,755694.5714285715,96.2480239868164,0.04151223520083081,16.024091993059432,1167091.0333333334,5811.1,804911.2666666667,96.4995346069336,0.04380642864853138,15.853571258650884,-18.245532301409995,3.969382176052494,-17.253062288246024,-15.536046820963023,-12.232437387504936,-16.276034186724875,-17.74026137388297,1.3613628134014455,-0.096594323481769,0.015579319986858131,0.13224289700047898,0.23519013502893127,329.3073047858942,1.993371185048382,0.0060513189969486104,1.610209899651221e-05,-0.015210287911547096,-0.025979994454558543,0.9973936597607268,0.8669841509119313,0.9476288408236291,152498.43762890899,274488.29772072163,2238.6914594355003,2020.3375332542485,195191.91002258196,233223.18717573772,8,0.6277870249264846
2025-08-11 00:00:00+00:00,1,0,0,7926427431,14.506526390711466,0.0394371581189535,88,418680,96.2353286743164,2595,1041030,0.0201713982969522,1045880.0,3175.0,524678.0,96.24358367919922,0.0243128221482038,16.840879400571186,1059855.0,3858.0,502737.0,96.35240936279295,0.0292398240417242,14.410501758257547,1009160.1428571428,5400.428571428572,743686.4285714285,96.2312981741769,0.040216745808720526,16.037809797695704,1190957.6,5669.2,786990.8,96.47880706787109,0.04284791735311345,15.788022465176052,-1.7761863651159837,-0.46372432783875484,-32.737169517884915,-18.267716535433077,-16.719875402049176,-20.202486096234264,-31.01395457042312,-17.033908387955556,-0.12151298473057626,-0.008577200232207094,0.12795932608043495,0.189346960542015,401.0130970724191,2.486451498873844,0.0061980362137283515,1.3934768888449494e-05,-0.001658303397044896,-0.025218202380899436,0.9974345775904954,0.8473518644636406,0.9385927786709164,144803.8460659041,225504.20169441288,2326.0141685054095,2092.9018528151864,204676.30498709498,241691.036862383,8,0.6248758237648854
2025-08-12 00:00:00+00:00,1,0,0,7926427431,14.067228515942892,0.0370736981299851,89,440072,96.22460174560548,3520,993268,0.0270313583314418,1041030.0,2595.0,418680.0,96.2353286743164,0.0201713982969522,14.506526390711466,1045880.0,12362.0,1020893.0,96.29047393798828,0.0945631265640258,15.16520925362905,1001644.1428571428,4137.285714285715,660712.0,96.22188786097935,0.030569350346922815,15.880955406597682,1204409.1666666667,5534.933333333333,768506.7,96.45480575561524,0.04172914922237391,15.64855592780643,-5.030405017784068,-4.587956158804262,-71.52564309982203,35.645472061657024,-56.89342565773299,5.109391420655385,-71.4144833048221,34.00835149601953,-0.06840987450661418,-0.011146560061348065,0.1247055397449262,0.16511474629871875,282.09826753763133,2.257052807147905,0.00799867294744281,1.4162556684989556e-05,0.006077902657647534,-0.023645588129060823,0.9975852121331722,0.8316477245264596,0.7325658662250524,138204.61156600364,198865.71399401795,2343.860776722743,2097.414269068453,211690.4901797267,246424.46230453523,8,0.5962067949235855
2025-08-13 00:00:00+00:00,1,0,0,7926427431,12.638420144716898,0.0377168997643679,88,475763,96.21896362304688,2619,1029739,0.0199314393103122,993268.0,3520.0,440072.0,96.22460174560548,0.0270313583314418,14.067228515942892,934101.0,5516.0,1162874.0,96.19482421875,0.0431928299367427,12.521069566408793,1015306.7142857143,3723.4285714285716,562553.2857142857,96.22533634730748,0.027246294543147028,15.897719774927412,1211749.4333333333,5299.533333333334,746073.2666666667,96.4313252766927,0.03983598736425236,15.523993481530084,10.238507399092821,3.671818683376493,-52.51994198694706,-25.59659090909091,-59.08731298489776,8.110263775018623,-53.85475010666714,-26.265491116187288,0.0250942859898462,-0.00585933582091247,0.11743582007674276,0.1547586995149215,393.03015267175573,2.164390327977737,0.005504830125860721,1.2273408962181617e-05,0.0018983568463953593,-0.021935617618750687,0.9978638795143158,0.8378850332884119,0.6839618231126624,127883.32165614006,187528.76644060973,2410.6418061550366,2010.5382318198267,213317.3240804428,241191.6839476698,8,0.6180984274111498
2025-08-14 00:00:00+00:00,1,0,0,7926427431,13.886370579401651,0.0353500240880991,95,479810,96.21470642089844,3666,980881,0.0274432096630334,1029739.0,2619.0,475763.0,96.21896362304688,0.0199314393103122,12.638420144716898,945400.0,5443.0,716103.0,96.20710754394533,0.0420351512730121,19.985407908757526,1020375.4285714285,3469.5714285714284,528797.1428571428,96.22642190115792,0.025161731456007214,15.026428727876574,1207968.0666666667,5117.233333333334,722536.3,96.40644149780273,0.03833225537091489,15.467439885934194,3.753014596995974,-4.744697442750057,-32.647437075142385,39.9770904925544,-32.99706885741297,0.8506336137950932,-34.71366503526107,37.68804769073917,0.007898456930166553,-0.004424493871202362,0.10807476478811642,0.15818976828560735,267.48868284701393,2.044307029226091,0.007640508450202267,1.4157024575230916e-05,-0.0018446786063106453,-0.019678713721081854,0.998132701572136,0.8447039758154439,0.6564114532926495,115228.1871516855,191088.1885624131,2415.405869928182,1895.4235571289971,217556.6133178561,231027.80977609902,8,0.5887715271320947
2025-08-15 00:00:00+00:00,1,0,0,7926427431,12.427286624908447,0.0311894611716675,104,493011,96.20745086669922,3230,881203,0.0213507898151874,980881.0,3666.0,479810.0,96.21470642089844,0.0274432096630334,13.886370579401651,1045880.0,4953.0,735901.0,96.21917724609376,0.033255610615015,14.588864803314207,996850.1428571428,3223.4285714285716,494098.5714285714,96.22474670410156,0.023461042770317554,14.71763184524718,1205048.8,5000.766666666666,705227.4,96.38241043090821,0.037265221215784496,15.438221397664812,-15.74530538876353,-10.162088979193197,-34.786997779123766,-11.893071467539551,-33.005798334286816,2.751297388549645,-35.79793177651817,-22.200099487825664,-0.012187154089415841,-0.00754100331343821,0.10354197429016046,0.16222298545493036,272.73382853605693,1.7873865139185252,0.006551564667797133,1.410262166865839e-05,-0.004912240164618187,-0.017362928549625744,0.9983641856838633,0.8272280283231208,0.6295693948646176,107451.14975849833,195486.6139548813,2442.279849369716,1900.6287468449314,220616.91961029454,228003.72712116977,8,0.5289400406607766
2025-08-16 00:00:00+00:00,1,1,0,7926427431,13.368935227394104,0.0280618492526908,109,479609,96.21087646484376,2688,807355,0.0177639406174421,881203.0,3230.0,493011.0,96.20745086669922,0.0213507898151874,12.427286624908447,1005950.0,3759.0,626676.0,96.22859191894533,0.0239862818270921,18.656711260477703,968479.4285714285,3070.4285714285716,473089.0,96.22221592494421,0.0225721368832247,13.962235269092377,1189317.5,4880.733333333334,688257.5666666667,96.36079254150391,0.036239816869298565,15.411050111717648,-19.74203489239028,-8.380361846248817,-28.49162011173184,-16.780185758513934,-23.46778877761395,-2.7183977639444135,-25.941249479617024,-16.79960895495245,-0.01840976132798655,0.0035606370542895505,0.10626416781816585,0.17480679257960272,300.24358497582745,1.6833573111486415,0.005604553699881154,1.6558909858097423e-05,-0.0058490208217058335,-0.01517992539453378,0.9985618983312117,0.8143152930747496,0.6228546067060077,106990.68075294324,207900.77753379167,2489.787184735821,1929.9491137356952,223721.23320963673,225104.62779778248,8,0.4846129513037079
2025-08-17 00:00:00+00:00,1,1,0,7926427431,13.363603870073954,0.0265086403574729,118,477208,96.21614837646484,3023,774628,0.0216940231621265,807355.0,2688.0,479609.0,96.21087646484376,0.0177639406174421,13.368935227394104,1045880.0,3175.0,524678.0,96.24358367919922,0.0243128221482038,16.840879400571186,929729.1428571428,3048.714285714286,466307.5714285714,96.21829659598215,0.022198022742356514,13.465481621878487,1170066.5333333334,4724.0,666305.8,96.34313456217448,0.035153600697716024,15.365676742129857,-25.93528894328221,-4.053607149271388,-4.787401574803152,12.462797619047628,-9.047453866943156,-0.5006161268866882,-10.77126698872667,22.123934262792577,-0.028506110938075757,0.00547953808840429,0.09488666466973515,0.18696169030101578,256.1600529100529,1.6232468373396143,0.0063347506019375156,1.7251618349008303e-05,-0.0034465789794859234,-0.01345728448818759,0.998704235991909,0.7945951075179395,0.631458010041024,92114.95741854314,218757.61683664986,2512.6645733646496,1881.312491229241,226924.37060478792,211669.62751638264,8,0.46496864606336574
2025-08-18 00:00:00+00:00,1,0,0,7926427431,12.554897904396055,0.0198700045321987,126,388047,96.21826934814452,2505,589407,0.0191920008510351,774628.0,3023.0,477208.0,96.21614837646484,0.0216940231621265,13.363603870073954,1041030.0,2595.0,418680.0,96.2353286743164,0.0201713982969522,14.506526390711466,865211.5714285715,3035.8571428571427,461931.4285714286,96.21585954938617,0.022058108821511213,13.186677552404857,1134180.8,4613.833333333333,640135.0333333333,96.32847112019857,0.03445792961865659,15.245634645885891,-43.38232327598628,-23.910961132311247,-3.4682080924855474,-17.13529606351306,-7.316566351390086,-18.683886271814387,-4.855377061614419,-11.533233335250781,-0.01772667730955968,0.002204382232573465,0.1425488286324514,0.1964986028398703,235.19832402234636,1.5189023007462994,0.006455386962437637,2.130086104090215e-05,-0.0010163443429129428,-0.012090190340067032,0.9988309627516886,0.7628515413314804,0.6401460872904061,133594.74614661423,222864.94256780637,2557.2099536902997,1912.0419502563823,233119.07845346874,194695.71988219762,8,0.3537901738257205
2025-08-19 00:00:00+00:00,1,0,0,7926427431,13.332737843195597,0.0184981406734575,126,356189,96.21784210205078,2294,555559,0.0178164914250373,589407.0,2505.0,388047.0,96.21826934814452,0.0191920008510351,12.554897904396055,993268.0,3520.0,440072.0,96.22460174560548,0.0270313583314418,14.067228515942892,802681.7142857143,2860.714285714286,449948.14285714284,96.2148938860212,0.020741699263453428,13.08175031344096,1100291.0666666667,4494.7,617825.8,96.3163569132487,0.03355467089762285,15.266184535291462,-44.067562832991705,-5.742721073892909,-34.82954545454545,-8.423153692614772,-19.061199076514757,-8.209830252520955,-34.08954442250922,-7.167097566711567,-0.007024859996374033,-0.0004440384311910073,0.18153103477837612,0.21003722238034886,242.07363834422657,1.5597265504365647,0.006440382941688425,2.3998736127863052e-05,0.0004449571881968437,-0.011060497042068544,0.9989465649399626,0.7295176145685157,0.618146407298629,163770.56996226165,231102.07945257792,1079.5576729525678,1942.3070027942154,207725.0908393719,187221.11361268113,8,0.33347299095606847
2025-08-20 00:00:00+00:00,1,0,0,7926427431,13.698762853940329,0.018077248155928,133,373777,96.20999145507812,2449,549606,0.018450804054737,555559.0,2294.0,356189.0,96.21784210205078,0.0178164914250373,13.332737843195597,1029739.0,2619.0,475763.0,96.21896362304688,0.0199314393103122,12.638420144716898,734091.2857142857,2836.4285714285716,435378.71428571426,96.21361214773995,0.020530179941228403,13.233227843330019,1069888.8,4349.466666666666,602081.0,96.30498479207357,0.03250947439422205,15.219361566172704,-46.62666947644014,-1.0715333564931928,-6.491027109583813,6.756756756756754,-21.436303369534826,4.937827950891238,-7.428641918544965,3.5602555776403255,-0.009324739771565671,-0.008159242403638078,0.21537851098830232,0.22588576650421596,224.32897959183674,1.4704075681286752,0.006552017507718486,2.49246513489463e-05,0.0005010877336811187,-0.010127428031470345,0.9990512158375717,0.6861379292074893,0.6315137455706531,188391.36818295706,241672.65166227584,941.0755274427455,1926.352077486559,117774.70234568822,187221.4964002394,8,0.3298997166230787
2025-08-21 00:00:00+00:00,1,0,0,7926427431,13.000430464744568,0.0170153461851089,138,409724,96.21720123291016,3025,523744,0.0242486577481031,549606.0,2449.0,373777.0,96.20999145507812,0.018450804054737,13.698762853940329,980881.0,3666.0,479810.0,96.21470642089844,0.0274432096630334,13.886370579401651,668786.0,2744.8571428571427,425366.4285714286,96.21396854945591,0.02007381538195264,13.106664969807579,1041084.3666666667,4235.266666666666,586781.4333333333,96.29573135375976,0.031599576274553884,15.089444108804067,-46.60473594656233,-4.705552705028692,-17.48499727223132,23.519804001633315,-14.607031950146931,9.617231664869696,-11.640591440123815,31.423311830562618,0.0025929632844423622,0.007493793236013069,0.24724321904087251,0.24365455248694526,173.08129543952413,1.2782817743608519,0.007383000793214961,2.4822061241147062e-05,0.0010419573102681816,-0.009384672952041803,0.9991509197432284,0.6423936631968763,0.6352558403802849,208816.85453983943,253664.9454613215,706.1046096579545,1898.825933685545,101690.42038323898,183396.32315527688,8,0.31437611158363943
2025-08-22 00:00:00+00:00,1,0,0,7926427431,27.833166519800823,0.0173666086539535,140,430978,96.2116241455078,2805,542138,0.0188776869326829,523744.0,3025.0,409724.0,96.21720123291016,0.0242486577481031,13.000430464744568,881203.0,3230.0,493011.0,96.20745086669922,0.0213507898151874,12.427286624908447,620348.1428571428,2684.1428571428573,416504.5714285714,96.21456473214286,0.019720514970166286,15.307504954792204,1017173.5,4138.8,575411.5333333333,96.28681055704753,0.030637681918839556,15.514403292867874,-38.47751312694124,3.5120211400989865,-13.157894736842103,-7.272727272727275,-12.58247787574719,5.187394441135984,-11.583191553622585,-22.149559250719165,0.004337791689712489,-0.005796351723907911,0.2656170270934685,0.26139508812780454,193.20669992872416,1.257922079730103,0.006508437766109254,5.133953934286377e-05,-0.00014032636369504557,-0.008661667735742602,0.9992496809844805,0.6098744637538658,0.6436686372815906,214777.7004360411,265884.1566737674,467.1050250164262,1895.4085247940793,69575.15353554458,182081.34732524017,8,0.325417067081878
2025-08-23 00:00:00+00:00,1,1,0,7926427431,13.478063662846884,0.015824754179992,145,400134,96.20664978027344,2325,500756,0.0149223338812589,542138.0,2805.0,430978.0,96.2116241455078,0.0188776869326829,27.833166519800823,807355.0,2688.0,479609.0,96.21087646484376,0.0177639406174421,13.368935227394104,576548.2857142857,2632.285714285714,405151.0,96.21396092006137,0.019314571150711547,15.32309473128546,992525.3,3987.733333333333,559840.9,96.2788564046224,0.029321714242299343,15.426494818263585,-37.975735581002155,-7.633111864506825,-13.50446428571429,-17.112299465240643,-16.570789955984978,-7.1567458199722545,-15.996488602270354,-20.952530177709995,-0.004393146311132412,-0.0051702330966185706,0.2866056782291957,0.28056938741163623,215.28632846087703,1.2514676296749847,0.005810538943106702,2.6915377444243184e-05,-0.001515252249576864,-0.008085980272133425,0.9993259632801588,0.5808902661869533,0.6587122086760007,221406.85796788055,278472.2154115505,432.928419584009,1851.385835703535,50335.479518007945,176139.86680091723,8,0.30057761832532104
2025-08-24 00:00:00+00:00,1,1,0,7926427431,13.74086078008016,0.0152976711719183,147,381175,96.2072296142578,2115,489873,0.0149602498859167,500756.0,2325.0,400134.0,96.20664978027344,0.0149223338812589,13.478063662846884,774628.0,3023.0,477208.0,96.21614837646484,0.0216940231621265,13.363603870073954,535869.0,2502.5714285714284,391432.0,96.21268681117465,0.01835260353982443,15.37698857557206,968744.8666666667,3910.5333333333333,550266.1333333333,96.2717653910319,0.028749529334406002,15.329389283392164,-36.76022555342694,-2.1733139493086417,-30.036387694343368,-9.03225806451613,-20.123929188110846,-4.738162715490313,-31.039762546052984,0.2540889713332106,-0.009269506582354481,0.0006026963683680719,0.2980994189177155,0.2994319302378792,231.50897920604916,1.285162234768191,0.005548617961256742,2.8049785822640434e-05,-0.0019239698137595365,-0.0075749602015486,0.9993863353433139,0.5531580279169479,0.6383618780798943,218446.97737629866,290073.1453340369,463.5789878995477,1880.32559053925,45996.74038480969,177833.18026574774,8,0.29404512301775715
2025-08-25 00:00:00+00:00,1,0,0,7926427431,12.982680002848308,0.0143428164785074,151,307969,96.22312927246094,2007,464293,0.0155416969209909,489873.0,2115.0,381175.0,96.2072296142578,0.0149602498859167,13.74086078008016,589407.0,2505.0,388047.0,96.21826934814452,0.0191920008510351,12.554897904396055,517995.5714285714,2431.4285714285716,379992.28571428574,96.213381086077,0.017831131549818115,15.438100303922381,938918.8333333334,3838.9333333333334,540023.9,96.26562372843425,0.028307996193567855,15.145815949969823,-21.22709774400372,-5.221761558608051,-19.88023952095809,-5.106382978723401,-20.636160052777107,-19.20535187249951,-19.019923760827282,3.886613121493143,0.005050937155015589,0.01652646923406831,0.3037423216864487,0.31368234710572956,231.22161354581672,1.5075916485371952,0.006516868526155145,2.7962196373091854e-05,-7.629394533376293e-06,-0.00695347430576099,0.9994573073924642,0.5516936640727426,0.6298973416518159,210069.27447235398,294522.2633817733,505.9078066122321,1911.3362708403465,56256.12801609039,182742.92071166827,8,0.27869078781905415
2025-08-26 00:00:00+00:00,1,0,0,7926427431,13.50462051232656,0.0133475762587753,157,324180,96.21846771240234,2201,436360,0.0173197258263826,464293.0,2007.0,307969.0,96.22312927246094,0.0155416969209909,12.982680002848308,555559.0,2294.0,356189.0,96.21784210205078,0.0178164914250373,13.332737843195597,500967.14285714284,2418.1428571428573,375419.5714285714,96.21347045898438,0.017760165035724588,15.46265497094109,910140.3,3760.8333333333335,531275.6,96.2598762512207,0.027752106326321708,14.95071749024921,-21.45568697474076,-6.016244052785636,-4.054054054054057,9.666168410563024,-8.98652120082316,5.2638414905396225,-2.7882347135789187,11.440378193131927,0.0006502020185594759,-0.00484453176053945,0.30850020512544646,0.3298153428182873,198.1653042688465,1.346038170034641,0.006789417023206172,3.0948275653247104e-05,0.0011746542794417686,-0.0063937873543285706,0.999517911366152,0.5504284810343447,0.6399573721321403,201087.9699200626,300178.23505723884,469.724749890115,1929.3173901548755,61509.1935265439,186674.60609594415,8,0.26192406987122885
2025-08-27 00:00:00+00:00,1,0,0,7926427431,11.969990571339926,0.0124509037792984,162,293387,96.22348022460938,1791,411070,0.01434036064893,436360.0,2201.0,324180.0,96.21846771240234,0.0173197258263826,13.50462051232656,549606.0,2449.0,373777.0,96.20999145507812,0.018450804054737,13.698762853940329,481176.28571428574,2324.1428571428573,363935.28571428574,96.21539742606026,0.017172958834895013,15.215687501998175,879094.5,3671.766666666667,522159.93333333335,96.25423634847006,0.02710961385940507,14.835224518511032,-25.20642059948399,-5.795673297277482,-26.868109432421395,-18.6278964107224,-21.50747638297702,-9.498735270528712,-22.277855174293602,-17.20214977603297,0.014020133800296541,0.005209511569037595,0.2935025931476738,0.34362982792915564,229.39174107142858,1.4011138833217447,0.006104544153135097,2.911903435498959e-05,0.001750128609797981,-0.005712731078150246,0.9995964964880175,0.547354449054437,0.6334637934703464,178342.0917912808,302083.0917684671,521.7412309640692,1957.258122341369,66251.80828301483,191492.0487132801,8,0.24674380649455965
2025-08-28 00:00:00+00:00,1,0,0,7926427431,11.49306337038676,0.0122273927801151,165,288342,96.22370910644533,1715,407087,0.0143016325309872,411070.0,1791.0,293387.0,96.22348022460938,0.01434036064893,11.969990571339926,523744.0,3025.0,409724.0,96.21720123291016,0.0242486577481031,13.000430464744568,464511.0,2137.0,346595.0,96.21632712227958,0.015751955232449884,15.000349345661347,848638.8333333334,3594.4666666666667,512655.73333333334,96.24930318196614,0.026567914957801444,14.715256067117055,-22.273668051567174,-0.9689347313109664,-43.30578512396694,-4.243439419318817,-29.625308744423073,-1.719571760166605,-41.02093122203445,-0.2700637654164506,0.006763731902181824,0.000237864849017555,0.26397355344924095,0.3559550999067595,237.2301864801865,1.411815095216461,0.005947777473356385,2.8232380641008235e-05,0.002898352486750827,-0.005099558591578401,0.999657389107283,0.5473600567811238,0.5928939195066362,149580.2181016822,302077.3207039225,467.1385010046469,1988.0104893453463,68167.71289246208,195883.08886591162,8,0.24435302005607515
2025-08-29 00:00:00+00:00,1,0,0,7926427431,11.913647135098776,0.0116633663184124,167,288784,96.22265625,1971,391770,0.013797516003251,407087.0,1715.0,288342.0,96.22370910644533,0.0143016325309872,11.49306337038676,542138.0,2805.0,430978.0,96.2116241455078,0.0188776869326829,27.833166519800823,443029.85714285716,2017.857142857143,326281.5714285714,96.21790313720703,0.01502621652824533,12.72613229070391,818373.9666666667,3524.0333333333333,505442.63333333336,96.24377695719402,0.025974057428538744,14.598731199900309,-27.736111469773384,-3.7625863758852574,-29.732620320855617,14.927113702623917,-32.99333144615271,0.15329019012144673,-26.91098198390297,-3.5248879919403397,0.011466498554812965,-0.0010941757027538301,0.23640857157248876,0.3675659417279675,198.66632860040568,1.3566147826237511,0.006825146735460637,3.0409721840306647e-05,0.0029046194893991998,-0.004311889376867327,0.9997311637094366,0.5413538005703796,0.5785086357642153,125695.83701080497,300806.39774348564,422.61257034708933,2007.4049208099373,65293.073447536604,200106.61880443568,8,0.2351590266143811
2025-08-30 00:00:00+00:00,1,1,0,7926427431,11.596851547559105,0.0066051710337317,166,315006,96.22190856933594,1754,223911,0.0113555919378995,391770.0,1971.0,288784.0,96.22265625,0.013797516003251,11.913647135098776,500756.0,2325.0,400134.0,96.20664978027344,0.0149223338812589,13.478063662846884,403480.5714285714,1936.2857142857142,314120.4285714286,96.22008296421596,0.014516681964908271,12.457387702805658,782513.8,3400.6666666666665,495846.56666666665,96.23848063151041,0.024986469124754215,14.401511989699468,-55.28540846240484,-42.846312887663686,-24.55913978494624,-11.00963977676307,-21.27487291757262,9.080142944207426,-23.902038191484955,-17.69828761043748,0.015860430747105525,-0.0007770318272259935,0.25300663619375735,0.39045103236369105,127.58461538461539,0.7108127755891139,0.00556813023202659,5.179200555378499e-05,0.0017261505126981917,-0.0035080006973886254,0.999808832525475,0.5156210298509386,0.5809817262466478,123976.90225926334,305533.3210488349,438.73479435783105,1998.3473056560974,58805.36938648936,202164.58681986612,8,0.13440205428759908
2025-08-31 00:00:00+00:00,1,1,0,7926427431,18.282437165578205,0.0085210922815319,169,278625,96.21397399902344,1376,291403,0.0107577480375766,223911.0,1754.0,315006.0,96.22190856933594,0.0113555919378995,11.596851547559105,489873.0,2115.0,381175.0,96.2072296142578,0.0149602498859167,13.74086078008016,375127.71428571426,1830.7142857142858,299470.4285714286,96.2210464477539,0.013916324558002542,13.106184329305378,749584.1,3298.9666666666667,485334.0333333333,96.23331807454427,0.024358110254009507,14.503482857015399,-40.514582350935854,30.142333337799386,-34.940898345153656,-21.550741163055875,-26.903653177674293,-11.54930382278433,-28.091120672364276,-5.264753291526647,0.007010268139606701,-0.008246116118948432,0.22910603044761335,0.4047229673409189,211.62164124909222,1.0458571705440267,0.004938519736133742,6.273914279000359e-05,-0.0007645743233800513,-0.0027670040279119904,0.9998724804772827,0.500447800701368,0.5713220119656788,104357.42048040929,303373.9012235721,446.16944127725526,2021.8120497137738,51796.66011682982,205063.539378187,8,0.17491396950381727
2025-09-01 00:00:00+00:00,0,0,1,7926427431,11.607811371485392,0.0072508989555938,172,236990,96.217041015625,1440,249750,0.0114877074956893,291403.0,1376.0,278625.0,96.21397399902344,0.0107577480375766,18.282437165578205,464293.0,2007.0,307969.0,96.22312927246094,0.0155416969209909,12.982680002848308,344478.71428571426,1749.7142857142858,289330.5714285714,96.22017669677734,0.013337183211530884,12.909774524824963,716569.0333333333,3200.5666666666666,474170.86666666664,96.22846857706706,0.023763272414604762,14.411748751004536,-46.208536419890024,-14.293950302502035,-28.251121076233186,4.651162790697683,-23.04744958096432,-14.943023777478693,-26.084599679885713,6.785429957672973,-0.006327228060420964,0.0031877039000427487,0.2554337379686273,0.42149645117310636,173.31714087439278,1.0538374874995253,0.0060761801081053715,4.647753711290602e-05,-0.0008961813790495087,-0.001980928584386183,0.9999138313181917,0.48073346497164327,0.5612519596978542,110152.51535091092,302031.30457054335,473.967008635319,2038.5470938938306,57644.256084146466,209261.9049180063,8,0.14991185363080808
2025-09-02 00:00:00+00:00,0,0,0,7926427431,12.867924769719442,0.0072260606419176,171,188612,96.2104034423828,1248,250548,0.0105430139228701,249750.0,1440.0,236990.0,96.217041015625,0.0114877074956893,11.607811371485392,436360.0,2201.0,324180.0,96.21846771240234,0.0173197258263826,13.50462051232656,317934.14285714284,1613.5714285714287,269963.71428571426,96.21902465820312,0.0123690815110291,12.818817990166801,682277.5,3114.266666666667,460531.13333333336,96.22426071166993,0.02312950079018865,14.342832059330412,-42.582271518929325,0.31951951951951774,-43.2985006815084,-13.33333333333333,-41.81874267382318,-20.413519557787254,-39.12713152300451,-8.223516947778231,-0.008381208110330718,-0.006898542266664531,0.2778741842650055,0.43125848017527996,200.59887910328263,1.3283707909847147,0.006616723131491467,5.135891490175352e-05,-0.002187456403459959,-0.0013514721353801314,0.9999455848927487,0.4659894879387681,0.5347751178562385,113775.76338071066,294237.95770778955,519.6725088779503,2065.3011124427994,69092.0911911811,214202.87238161257,8,0.15039085126523202
2025-09-03 00:00:00+00:00,0,0,0,7926427431,12.099839051564537,0.0072342006120217,170,201959,96.21265411376952,1653,252165,0.0147810373455286,250548.0,1248.0,188612.0,96.2104034423828,0.0105430139228701,12.867924769719442,411070.0,1791.0,293387.0,96.22348022460938,0.01434036064893,11.969990571339926,295233.4285714286,1593.857142857143,256902.57142857142,96.21747807094029,0.012432035324828903,12.83736777305603,655354.5,3040.766666666667,450505.2,96.21960220336913,0.0226475412336488,14.26580996910731,-38.65643321088865,0.6453853153886691,-7.705192629815749,32.45192307692308,-31.16293496303517,7.076432040379199,3.0729819659834234,40.1974563788188,-0.011251007357648835,0.0023393222626566512,0.2920138597928989,0.4508210982498697,152.45767835550183,1.2485888294711824,0.008184789067142009,4.7983626069987775e-05,-0.0022335052490261935,-0.0005425696113054616,0.999977924119616,0.45049424177514397,0.548935321347727,113361.19872463665,295447.6354329942,512.1273879987752,2077.122390817829,74377.57414339489,219141.41854525736,8,0.15136145173498586
2025-09-04 00:00:00+00:00,0,0,0,7926427431,13.185614387194317,0.0071879483567911,173,269342,96.19416809082033,2050,252165,0.0170855708420276,252165.0,1653.0,201959.0,96.21265411376952,0.0147810373455286,12.099839051564537,407087.0,1715.0,288342.0,96.22370910644533,0.0143016325309872,11.49306337038676,273101.71428571426,1641.7142857142858,254188.2857142857,96.21325792585101,0.01282974079783467,13.07916077545711,628897.3333333334,2697.0333333333333,425453.5,96.21639200846354,0.020064956042915524,14.199823473559487,-38.05623859273325,0.0,19.533527696792994,24.016938898971564,-6.589397312913137,33.364692833693965,19.46587779408029,15.59114859550872,-0.030700350152079725,-0.019213712706989128,0.30261499230273986,0.4687697759515867,122.94734275962945,0.9362225860705494,0.007611112967480128,5.228942199659874e-05,-0.003840855189728078,-0.00021789007642935627,0.9999674267289896,0.434254845442257,0.6394103615474681,111606.33292798726,294808.062043217,412.64542558076835,1109.0588580299525,69245.64545443462,193097.8053766878,8,0.15136145173498586
2025-09-05 00:00:00+00:00,0,0,0,7926427431,42.68797376881475,0.0071293856498521,175,279095,96.19075775146484,2343,252165,0.0180006958544254,252165.0,2050.0,269342.0,96.19416809082033,0.0170855708420276,13.185614387194317,391770.0,1971.0,288784.0,96.22265625,0.013797516003251,11.913647135098776,253158.14285714287,1694.857142857143,252804.14285714287,96.20870099748883,0.013430195062288156,17.47549315170225,606166.1333333333,2591.266666666667,395994.2,96.21625645955403,0.01922521824017161,15.205386946973018,-35.634428363580675,0.0,18.87366818873668,14.292682926829258,-3.3551027757770524,3.6210468475024404,30.463308396845036,5.356127816032608,-0.03315071499614408,-0.0035452662288881776,0.2975722264037972,0.4895486596799124,107.57892491467577,0.9035063204058819,0.008394960873677875,0.0001692852080328623,-0.004908970424101329,-0.0005320157569821622,0.9999214741630654,0.4176382165480204,0.6985717870409087,103583.1065778034,296747.8181166884,347.0463518460557,974.03363013998,58235.250091409056,135559.17613591626,8,0.15136145173498586
2025-09-06 00:00:00+00:00,0,1,0,7926427431,20.514976848255504,0.0102671766006482,176,351888,96.18194580078124,2090,366713,0.0135694686323404,252165.0,2343.0,279095.0,96.19075775146484,0.0180006958544254,42.68797376881475,223911.0,1754.0,315006.0,96.22190856933594,0.0113555919378995,11.596851547559105,273558.4285714286,1742.857142857143,258073.0,96.20299203055245,0.013746463161494,18.749511051801736,586876.5666666667,2479.5,383853.7,96.2154177347819,0.018276362152149225,15.223039244956285,63.77623252095699,45.42581246406123,19.15621436716077,-10.7981220657277,11.708348412411196,26.081800103907284,19.495916254722445,-24.616977354214885,-0.041531880991430015,-0.009160912014416489,0.27812967226785,0.49877100999490775,175.3768531802965,1.0421269207051087,0.005939372927258312,5.5942715162921255e-05,-0.005888802664616247,-0.0008164708155540694,0.9998708553730579,0.4661260035056127,0.7521443844817592,94152.31759127646,292717.01789867715,327.78433676513174,814.8965557368078,52313.9413267919,121480.29180847613,8,0.22011862094300108
2025-09-07 00:00:00+00:00,0,1,0,7926427431,173.34092185808265,0.0134327800375551,174,333196,96.17687225341795,1865,484232,0.0156638566404581,366713.0,2090.0,351888.0,96.18194580078124,0.0135694686323404,20.514976848255504,291403.0,1376.0,278625.0,96.21397399902344,0.0107577480375766,18.282437165578205,301105.4285714286,1812.7142857142858,265868.85714285716,96.19769178118024,0.0144473358190485,40.90072315073094,568154.9666666667,2376.5666666666666,370430.2,96.21400756835938,0.01768997035299733,20.514774480115232,66.17262004852387,32.04658684039017,35.537790697674424,-10.765550239234445,19.585823239120682,-5.311917428272627,45.60534961168972,15.434561697766869,-0.03856170165662531,-0.005274947726452428,0.27642633965329844,0.49288301780526556,259.502679528403,1.4532903957718708,0.0055972892913201495,0.0003579700719655262,-0.007118497576033692,-0.0010392236762632823,0.9998304219147347,0.5299705999896424,0.8166964404550623,93464.32621612302,280033.9345517167,318.2977388380827,674.6438489962635,46897.40421159666,101910.97673659593,8,0.2906591259553692
2025-09-08 00:00:00+00:00,0,0,0,7926427431,25.709057114341043,0.0133287672353611,173,213969,96.17473602294922,1532,484232,0.0141410119831562,484232.0,1865.0,333196.0,96.17687225341795,0.0156638566404581,173.34092185808265,249750.0,1440.0,236990.0,96.217041015625,0.0114877074956893,11.607811371485392,334602.85714285716,1825.857142857143,262580.14285714284,96.191648210798,0.014826379317258057,42.91518682828174,550764.3666666667,2302.3333333333335,356673.3,96.21221237182617,0.0173617946915328,20.74985267524401,93.88668668668669,0.0,6.388888888888888,-17.85522788203754,-9.713911979408419,-35.782842531122824,23.096901522453784,-9.722028822509465,-0.04396829525126211,-0.002221147786041211,0.28173643192997966,0.4863114654083847,315.87214611872145,2.2630836098518485,0.007159882226480348,5.309232769006045e-05,-0.006813866751536363,-0.001192006757182769,0.9997862624658427,0.6075245193655844,0.8539658244253261,95661.00946184467,267843.0262483876,322.3188050485073,638.8577810184383,49645.158399939835,93648.31429937165,8,0.2906591259553692
2025-09-09 00:00:00+00:00,0,0,0,7926427431,16.289486677750297,0.0133406906252208,175,208010,96.16445922851562,1776,487242,0.0167953707277774,484232.0,1532.0,213969.0,96.17473602294922,0.0141410119831562,25.709057114341043,250548.0,1248.0,188612.0,96.2104034423828,0.0105430139228701,12.867924769719442,368416.28571428574,1901.2857142857142,265351.28571428574,96.18508475167411,0.015719573146530528,43.403981386571864,532143.1,2255.7,346117.7,96.20957489013672,0.017111212977518584,20.731472917816646,94.47052061880359,0.6216028680467112,42.307692307692314,15.926892950391647,10.28460543337646,-2.7849828713505276,59.303315452752784,18.770642071323394,-0.047753893782065404,-0.010685544726773966,0.2927606146952142,0.4719255109229204,274.1935846933033,2.3423857392157146,0.008538010009086059,3.343195628823872e-05,-0.007047653198239944,-0.0012837377087804513,0.9997454500917339,0.6923255900795966,0.9186708836587768,100468.18668244756,251131.9043516067,299.62199628753234,623.8445402059828,50662.78872452964,91888.75830201598,8,0.2924658714185473
2025-09-10 00:00:00+00:00,0,0,0,7926427431,18.004186023365367,0.0132450935333086,176,276611,96.14891052246094,2013,487242,0.0192428845912218,487242.0,1776.0,208010.0,96.16445922851562,0.0167953707277774,16.289486677750297,252165.0,1653.0,201959.0,96.21265411376952,0.0147810373455286,12.099839051564537,401998.71428571426,1952.7142857142858,276015.85714285716,96.1759785243443,0.01635697989591527,44.247459525400565,513683.5,2236.3,341382.06666666665,96.20669428507487,0.017080262520660906,20.848061572238446,93.22348462316342,0.0,21.778584392014523,13.344594594594605,36.96393822508528,32.97966443920966,30.18629302795821,14.572550395666607,-0.06625281455514553,-0.01616886964209696,0.30497731268405104,0.45176745082979264,241.92750744786494,1.7614637109019131,0.007277341547004468,3.695114352256547e-05,-0.00698498317173238,-0.001497508421357005,0.9996807315648997,0.7825805467485607,0.9576538929732066,106319.9926227569,232065.4853283258,307.31127506195617,621.9758920929444,50203.732353097934,91680.83326144429,8,0.2924658714185473
2025-09-11 00:00:00+00:00,0,0,0,7926427431,57.33071914472078,0.0131245485642433,174,710708,96.05545806884766,9063,487242,0.0884907096624374,487242.0,2013.0,276611.0,96.14891052246094,0.0192428845912218,18.004186023365367,252165.0,2050.0,269342.0,96.19416809082033,0.0170855708420276,13.185614387194317,435581.14285714284,2954.5714285714284,339068.14285714284,96.15616280691964,0.026557714013116667,50.55390306219005,496815.9666666667,2421.0666666666666,350403.26666666666,96.20105616251628,0.019128907565027425,22.29017792653104,93.22348462316342,0.0,342.0975609756097,350.22354694485836,163.86824186350438,156.93410601892185,417.92656201316544,359.8619777764764,-0.14419795370724797,-0.0971955408599734,0.31532114357339996,0.43007041328161055,53.755736981465134,0.6855717318902673,0.012752054638396305,0.00011766350495485986,-0.017299379621232173,-0.002349726217606537,0.9995333382253018,0.8767454592484772,1.388354976510578,111731.34447257507,213665.8481092362,1971.0912579717701,1379.0370436707203,129169.28638637786,112644.75148032629,8,0.2924658714185473
2025-09-12 00:00:00+00:00,0,0,0,7926427431,26.04834452542392,0.013309823198797,163,748185,95.99475860595705,2852,506080,0.0227431878447532,487242.0,9063.0,710708.0,96.05545806884766,0.0884907096624374,57.33071914472078,252165.0,2343.0,279095.0,96.19075775146484,0.0180006958544254,42.68797376881475,471854.71428571426,3027.285714285714,406081.0,96.12816292898995,0.027235212868877784,48.17681317027708,479360.6666666667,2428.8333333333335,359484.0,96.19358266194662,0.019222632516175456,22.737175405887943,100.69399004619993,3.866251267337373,21.72428510456679,-68.53139137151054,168.07538651713574,5.27319236592243,26.346159218960842,-74.29878466167703,-0.20376089147172705,-0.06319210184506652,0.3272770651748295,0.3933165648373377,177.38520855240097,0.6764093420620007,0.0038118863491163964,5.1470702368640435e-05,-0.029650551932196473,-0.0035571784676114307,0.9993199158286206,0.9843417432782989,1.4168305431610317,118640.04004986612,188540.4907314694,1973.9048556404302,1380.8451705594873,176650.0690486117,132355.0363985786,8,0.3037733368787962
2025-09-13 00:00:00+00:00,0,1,0,7926427431,15.975473860035772,0.0155976449218569,143,374230,95.9923324584961,1789,602181,0.0119136087596416,506080.0,2852.0,748185.0,95.99475860595705,0.0227431878447532,26.04834452542392,366713.0,2090.0,351888.0,96.18194580078124,0.0135694686323404,20.514976848255504,505493.0,2984.285714285714,409272.71428571426,96.10107530866351,0.02699866145849224,47.52831274338855,466737.3333333333,2366.266666666667,355964.6666666667,96.1861701965332,0.018704979152729062,22.806812181909077,64.21043159091715,18.989290230793543,-14.401913875598083,-37.272089761570825,6.34917928431773,-49.981622192372214,-12.202835037713665,-47.61680358547431,-0.19714026442954058,-0.002527374927741022,0.32706109080579054,0.3535480547890775,336.4139664804469,1.6091157600519466,0.004780469816770925,2.652931150389047e-05,-0.03652054922920817,-0.004709885780749771,0.999115310572239,1.0830352832285397,1.4433943624338725,127398.70501119042,165014.07629744126,1973.09884014132,1365.2918832384412,176986.56497375428,130434.99387244915,8,0.361457737462477
2025-09-14 00:00:00+00:00,0,1,0,7926427431,58.074634869893394,0.0177164967981831,128,314914,95.9894027709961,1565,690028,0.0140259927138686,602181.0,1789.0,374230.0,95.9923324584961,0.0119136087596416,15.975473860035772,484232.0,1865.0,333196.0,96.17687225341795,0.0156638566404581,173.34092185808265,534892.4285714285,2941.4285714285716,406661.0,96.0742939540318,0.026764680897550883,31.061700316504368,460364.8333333333,2310.766666666667,350028.1,96.17890192667643,0.01846081924935177,24.328390456741907,42.499463067290066,14.588138782193383,-16.0857908847185,-12.520961430967025,-5.48686058656166,-15.85014563236512,-10.456326077187583,17.730848786833487,-0.19492158356729794,-0.003052001576553387,0.35130103738454127,0.3293100061762831,440.6309067688378,2.1911563437753045,0.004969594970071289,8.416260022389406e-05,-0.037657329014368406,-0.005832589799754083,0.998912360501637,1.1618881153420606,1.4498100293404201,146843.45723276964,151602.74610834353,1966.457473352903,1362.8092356025713,176383.04881507848,128012.86522209035,8,0.4141876938424794
2025-09-15 00:00:00+00:00,0,0,0,7926427431,21.146733035211977,0.0167418122128051,128,199025,95.98029327392578,1280,656369,0.0115082766860723,690028.0,1565.0,314914.0,95.9894027709961,0.0140259927138686,58.074634869893394,484232.0,1532.0,213969.0,96.17473602294922,0.0141410119831562,25.709057114341043,559483.4285714285,2905.4285714285716,404526.14285714284,96.04651641845703,0.02638857585511033,30.409939733771644,455331.9666666667,2263.8333333333335,340675.3,96.1712158203125,0.01825229711830611,24.587650383669168,35.54845611194635,-4.877917997530535,-16.4490861618799,-18.21086261980831,-6.984189298449772,-36.80020577046432,-18.617729058004016,-17.950358874112617,-0.20217653519427614,-0.009490107040299733,0.3381216310070724,0.3115983979630485,512.3879781420765,3.2979058012520976,0.006431320530985901,3.2217701959583735e-05,-0.033379963466100115,-0.006893421890206658,0.9987033604515466,1.2287374257230828,1.445767383911582,151154.9565933848,141880.71135469753,1972.7772148827216,1373.5721635595755,178308.08955886448,128468.16279936806,8,0.39398395778098044
2025-09-16 00:00:00+00:00,0,0,0,7926427431,12.433036596878717,0.0172183443254299,128,186128,95.9784164428711,1116,678448,0.0083474805578589,656369.0,1280.0,199025.0,95.98029327392578,0.0115082766860723,21.146733035211977,487242.0,1776.0,208010.0,96.16445922851562,0.0167953707277774,16.289486677750297,586798.5714285715,2811.1428571428573,401400.14285714284,96.01993887765067,0.025181734402264826,29.859018293647132,452125.9666666667,2200.266666666667,330972.63333333336,96.16329142252604,0.017807412364830525,24.556631474562664,39.24251193452124,3.363809076906432,-37.16216216216216,-12.812500000000004,-10.519686553531082,-6.480090440899389,-50.29892049924667,-27.465416538331056,-0.19346314338692938,-0.0019554337569394065,0.3174727567458925,0.2993711803541346,607.3840644583706,3.6450418795566515,0.0059958415937333785,1.832567605948084e-05,-0.023827416556217815,-0.0078274091438409,0.998509279967909,1.2978652293624915,1.4141153069492858,151627.34699088836,135353.48430975413,1978.8358340806715,1381.332188900244,178464.5772973232,128792.45992774708,8,0.40723682591437227
2025-09-17 00:00:00+00:00,0,0,0,7926427431,40.01159198660599,0.0169972234087358,130,204020,95.97132873535156,1235,672797,0.0143327191472053,678448.0,1116.0,186128.0,95.9784164428711,0.0083474805578589,12.433036596878717,487242.0,2013.0,276611.0,96.14891052246094,0.0192428845912218,18.004186023365367,613306.4285714285,2700.0,391030.0,95.99457005092076,0.024480282195976758,33.002933431252934,454905.63333333336,2157.9333333333334,324838.4,96.15506006876628,0.017645436308036198,25.471854610636328,38.08271864904913,-0.8329304530339865,-38.648782911077994,10.663082437275984,-26.242991059646936,9.61273962004643,-25.516784766543854,71.70113841968136,-0.18469453906905242,-0.007384688956346697,0.2857291442800281,0.3057228615307592,544.334142394822,3.2976850422260453,0.006053298434965028,5.947043835832745e-05,-0.01061112540108287,-0.008686719985638545,0.9983309248860045,1.3482058335426823,1.3873435470013167,145051.13482584155,139075.051949129,1993.362393512058,1391.0972333534644,178348.6460591964,130353.37350173516,8,0.40384482637536245
2025-09-18 00:00:00+00:00,0,0,0,7926427431,3.137425422668457,0.0164678750233555,133,143210,95.9700927734375,869,656020,0.0099850045517086,672797.0,1235.0,204020.0,95.97132873535156,0.0143327191472053,40.01159198660599,487242.0,9063.0,710708.0,96.05545806884766,0.0884907096624374,57.33071914472078,637417.5714285715,1529.4285714285713,309958.85714285716,95.9823750087193,0.013265181465872643,25.261034328102603,458254.3333333333,2110.4333333333334,317739.1,96.1468017578125,0.017384386745591906,25.132010863285426,34.63946047344031,-2.4936199180436325,-90.41156349994483,-29.635627530364374,-79.84967103226641,-29.805901382217424,-88.71632447089863,-30.33419235277802,-0.08887084308001336,-0.001287844953645756,0.24170800799832634,0.3114935819995366,754.0459770114943,4.580793374810594,0.006067969639203692,4.782507606720603e-06,-0.004535402570449554,-0.009447077834964608,0.9982898365199149,1.390968999228023,0.7630514472554659,129676.19090738265,142743.28375680963,2030.5987748975358,1410.4846485084997,184905.49688328366,134326.16907681033,8,0.3937744713468777
2025-09-19 00:00:00+00:00,0,0,0,7926427431,66.99211931228638,0.0137016349917895,144,166174,95.96845245361328,946,548504,0.0073808445595204,656020.0,869.0,143210.0,95.9700927734375,0.0099850045517086,3.137425422668457,506080.0,2852.0,748185.0,95.99475860595705,0.0227431878447532,26.04834452542392,643478.1428571428,1257.142857142857,226814.42857142858,95.97861698695591,0.011070560996553671,31.110145011940098,458217.6,2060.3333333333335,310819.0,96.13875045776368,0.017015388095751354,26.908456078563624,8.382864369269672,-16.389134477607392,-66.83029453015428,8.860759493670889,-77.78971778370322,16.03519307310941,-67.54700963689598,-26.080709114374766,-0.02740373821007447,-0.001709198956478808,0.18044096086458922,0.3114657852002856,579.2016895459345,3.3007612456747406,0.005692793741537536,0.00012213584071665048,-0.004258019583559934,-0.01016192749159034,0.9983343504045424,1.4043069119500056,0.6506205403165578,100625.86621335238,142719.10457659038,2059.374855800489,1424.6659459224988,189446.2206291841,136666.87047128103,8,0.32923824369935034
2025-09-20 00:00:00+00:00,0,1,0,7926427431,17.063236412249115,0.0102275961217726,174,215501,95.96485900878906,1007,411070,0.0066114175133407,548504.0,946.0,166174.0,95.96845245361328,0.0073808445595204,66.99211931228638,602181.0,1789.0,374230.0,95.9923324584961,0.0119136087596416,15.975473860035772,616176.5714285715,1145.4285714285713,204138.85714285713,95.97469220842633,0.01031310510422497,31.26553966225629,454461.8,1993.0666666666666,304344.9,96.13033905029297,0.01642748008792594,27.043882943480444,-31.736471260302135,-25.056152735440396,-43.7115707098938,6.448202959830862,-42.41482510755418,29.683945743618146,-44.50533296227203,-10.424647748301808,-0.028620462700923444,-0.0037444021783628045,0.1688075838685689,0.3133761638205544,407.8075396825397,1.9074996983786694,0.004672810461155813,4.1509219605005254e-05,-0.0037727355957013573,-0.01074276797896178,0.9983808770113126,1.3558379855657208,0.6277959278614507,94673.16512587514,142417.49548698403,2081.7065801198482,1425.188479569925,190984.0648810502,136420.1261851384,8,0.24674380649455965
2025-09-21 00:00:00+00:00,0,1,0,7926427431,8.817949771881104,0.0,196,81165,95.96311950683594,1334,0,0.0091812862083315,411070.0,1007.0,215501.0,95.96485900878906,0.0066114175133407,17.063236412249115,690028.0,1565.0,314914.0,95.9894027709961,0.0140259927138686,58.074634869893394,517601.14285714284,1112.4285714285713,170746.14285714287,95.97093745640346,0.00962100417486253,24.22887036254025,436390.5333333333,1944.0333333333333,292684.4666666667,96.12205556233724,0.01610426673044756,26.410042385216453,-100.0,-100.0,-14.760383386581466,32.472691161866926,-74.22629670322691,-62.336601686303084,-34.54091702719023,38.8701619555148,-0.02738142274190114,-0.0018126447233868248,0.3368232199342044,0.3751511481467218,0.0,0.0,0.01643545326861001,8.817949771881104,-0.0029111589704239773,-0.011261016879647305,0.9984278519113049,1.1860961760638777,0.5974195743214165,177252.13684431097,163712.40962036027,2090.447116851234,1421.5910096967264,199962.2402815536,140122.78219420207,8,0.0
